000000000101100011
000000000001111100
000000000100110000
000000000000011101
000000000001011100
000000000010111111
000000000001110110
000000000001001110
000000000001111110
000000000100011101
000000000001101000
000000000001101001
000000000001000100
000000000100001010
000000000010110101
000000000011010010
000000000000111100
000000000001001101
000000000010000100
000000000000011001
000000000011101001
000000000001000010
000000000010011101
000000000010001001
000000000010000010
000000000001111000
000000000001010001
000000000000010100
000000000011001101
000000000011011110
000000000010010011
000000000001111001
000000000010000100
000000000001110001
000000000010001011
000000000001000011
000000000000111010
000000000001110111
000000000011010100
000000000010111101
000000000010110001
000000000000111011
000000000010110100
000000000001111100
000000000001011011
000000000010110010
000000000001001011
000000000011001110
000000000011110001
000000000011111010
000000000001110001
000000000010010011
000000000000111110
000000000001100010
000000000010010000
000000000010111100
000000000010011010
000000000100110110
000000000010000010
000000000100101101
000000000000111101
000000000001000101
000000000001101111
000000000010011011
000000000001000011
000000000100011011
000000000000100011
000000000010110010
000000000100011000
000000000001111010
000000000011000101
000000000001110100
000000000010010100
000000000011011111
000000000011010011
000000000010101111
000000000011001011
000000000011100110
000000000101110000
000000000001010100
000000000011100111
000000000010010010
000000000001111011
000000000001001100
000000000001110011
000000000011001111
000000000001111000
000000000000110101
000000000001011101
000000000011111011
000000000101101101
000000000100011111
000000000010101010
000000000001011010
000000000011100001
000000000001000011
000000000011110101
000000000011001001
000000000010010111
000000000001100111
000000000010101111
000000000010101111
000000000001001100
000000000000111011
000000000010101001
000000000001010111
000000000011011100
000000000000101101
000000000001111011
000000000001010100
000000000000100000
000000000010000111
000000000011011100
000000000100101100
000000000000111011
000000000010101000
000000000010111111
000000000010111010
000000000011111110
000000000001111000
000000000010001011
000000000000101110
000000000001010001
000000000011000011
000000000110010000
000000000100111001
000000000011011000
000000000001001001
