Total Unique Values: 58
==============================
Value: 18'b000000001010001100 (Dec: 652) -> Indices: [382, 746]
Value: 18'b000000101000110001 (Dec: 2609) -> Indices: [99]
Value: 18'b000000110000000010 (Dec: 3074) -> Indices: [786]
Value: 18'b000000110000001100 (Dec: 3084) -> Indices: [30, 38, 42, 54, 86, 94, 118, 126, 134, 138, 142, 170, 182, 186, 198, 214, 218, 222, 230, 262, 270, 278, 286, 294, 298, 302, 306, 318, 322, 354, 362, 378, 386, 398, 426, 434, 450, 462, 470, 482, 486, 498, 506, 510, 514, 518, 526, 530, 534, 538, 562, 578, 582, 586, 594, 598, 602, 610, 618, 666, 670, 682, 686, 698, 702, 726, 742, 750, 762, 766, 782, 790]
Value: 18'b000000110001000010 (Dec: 3138) -> Indices: [58]
Value: 18'b000000110001001011 (Dec: 3147) -> Indices: [6]
Value: 18'b000000110001001100 (Dec: 3148) -> Indices: [26, 74, 98, 162, 234, 258, 274, 282, 290, 366, 454, 502, 606, 638, 714, 754, 778]
Value: 18'b000001111100001000 (Dec: 7944) -> Indices: [10]
Value: 18'b000010000000110101 (Dec: 8245) -> Indices: [7]
Value: 18'b000010000001100011 (Dec: 8291) -> Indices: [15]
Value: 18'b000010100011000000 (Dec: 10432) -> Indices: [180]
Value: 18'b000010100011000100 (Dec: 10436) -> Indices: [544]
Value: 18'b000011000000001010 (Dec: 12298) -> Indices: [139]
Value: 18'b000011000000110000 (Dec: 12336) -> Indices: [27, 35, 51, 55, 87, 95, 115, 119, 127, 135, 143, 147, 155, 179, 183, 199, 215, 223, 231, 263, 267, 271, 279, 287, 295, 299, 303, 319, 351, 359, 375, 383, 387, 427, 435, 451, 479, 483, 499, 507, 515, 531, 539, 563, 579, 583, 587, 595, 603, 611, 619, 667, 683, 699, 723, 739, 747, 751, 763, 767, 779, 783, 791]
Value: 18'b000011000000110001 (Dec: 12337) -> Indices: [31, 39, 107, 323, 331, 379, 487, 543, 567, 575, 607, 743]
Value: 18'b000011000100110000 (Dec: 12592) -> Indices: [123, 251, 275, 291, 339, 355, 363, 495, 511, 663, 727]
Value: 18'b000011000100110001 (Dec: 12593) -> Indices: [67, 187, 235, 243, 259, 283, 307, 471, 591, 615, 631, 703, 795]
Value: 18'b000100110000000010 (Dec: 19458) -> Indices: [422]
Value: 18'b000100110000001100 (Dec: 19468) -> Indices: [106, 154, 194, 202, 226, 266, 350, 358, 374, 430, 478, 542, 558, 566, 574, 590, 654, 722, 738, 770, 794]
Value: 18'b000100110001001100 (Dec: 19532) -> Indices: [22, 34, 46, 50, 62, 66, 70, 78, 82, 90, 102, 110, 114, 122, 130, 146, 150, 158, 166, 174, 178, 190, 206, 210, 238, 242, 246, 250, 254, 310, 314, 326, 330, 334, 338, 346, 370, 390, 394, 402, 406, 410, 414, 418, 438, 442, 446, 458, 466, 474, 490, 494, 522, 546, 550, 554, 570, 614, 622, 626, 630, 634, 642, 646, 650, 658, 662, 674, 678, 690, 694, 710, 718, 730, 734, 758, 774, 798]
Value: 18'b000100110110001100 (Dec: 19852) -> Indices: [14]
Value: 18'b000101110000011001 (Dec: 23577) -> Indices: [2]
Value: 18'b000110110001101001 (Dec: 27753) -> Indices: [11]
Value: 18'b001000110010000001 (Dec: 35969) -> Indices: [0]
Value: 18'b001010001100000011 (Dec: 41731) -> Indices: [261]
Value: 18'b001010001100010011 (Dec: 41747) -> Indices: [625]
Value: 18'b001011000010000000 (Dec: 45184) -> Indices: [8]
Value: 18'b001100000000101000 (Dec: 49192) -> Indices: [220, 584]
Value: 18'b001100000011000000 (Dec: 49344) -> Indices: [24, 28, 36, 40, 52, 56, 84, 92, 96, 116, 124, 132, 140, 144, 184, 196, 200, 216, 224, 232, 264, 272, 276, 280, 288, 296, 300, 304, 320, 348, 352, 360, 364, 376, 380, 384, 424, 432, 448, 480, 496, 504, 508, 512, 516, 528, 532, 536, 540, 560, 564, 580, 588, 592, 596, 604, 612, 620, 624, 668, 684, 688, 700, 712, 724, 740, 748, 764, 780, 788, 792]
Value: 18'b001100000011000100 (Dec: 49348) -> Indices: [72, 120, 128, 136, 284, 316, 396, 428, 436, 444, 460, 468, 476, 484, 500, 568, 600, 664, 704, 728, 744, 752, 768, 784]
Value: 18'b001100010011000000 (Dec: 50368) -> Indices: [32, 48, 64, 88, 104, 112, 212, 236, 244, 260, 268, 308, 324, 332, 340, 452, 492, 576, 608, 616, 648, 672, 720, 736, 776]
Value: 18'b001100010011000100 (Dec: 50372) -> Indices: [20, 44, 60, 68, 76, 80, 100, 108, 148, 152, 156, 160, 164, 168, 172, 176, 188, 192, 204, 208, 228, 240, 248, 252, 256, 292, 312, 328, 336, 344, 356, 368, 372, 388, 392, 400, 404, 408, 412, 416, 420, 440, 456, 464, 472, 488, 520, 524, 548, 552, 556, 572, 628, 632, 636, 640, 644, 652, 656, 660, 676, 680, 692, 696, 708, 716, 732, 756, 760, 772, 796]
Value: 18'b010000101000110001 (Dec: 68145) -> Indices: [463]
Value: 18'b010011000000001010 (Dec: 77834) -> Indices: [503]
Value: 18'b010011000000110000 (Dec: 77872) -> Indices: [83, 91, 131, 211, 219, 431, 447, 519, 671, 695]
Value: 18'b010011000000110001 (Dec: 77873) -> Indices: [195, 419, 527, 647, 719, 735]
Value: 18'b010011000100110000 (Dec: 78128) -> Indices: [23, 163, 171, 203, 227, 347, 371, 395, 411, 559, 599, 623, 655, 679, 759, 775]
Value: 18'b010011000100110001 (Dec: 78129) -> Indices: [19, 43, 47, 63, 71, 75, 79, 103, 111, 151, 159, 167, 175, 191, 207, 239, 247, 255, 311, 315, 327, 335, 343, 367, 391, 399, 403, 407, 415, 439, 443, 455, 459, 467, 475, 491, 523, 535, 547, 551, 555, 571, 627, 635, 639, 643, 651, 659, 675, 687, 691, 707, 711, 715, 731, 755, 771, 799]
Value: 18'b010011101000100000 (Dec: 80416) -> Indices: [3]
Value: 18'b010100001010001100 (Dec: 82572) -> Indices: [18]
Value: 18'b010110110011001100 (Dec: 93388) -> Indices: [4]
Value: 18'b011011100110010101 (Dec: 113045) -> Indices: [12]
Value: 18'b011011110110110001 (Dec: 114097) -> Indices: [16]
Value: 18'b100011000000110000 (Dec: 143408) -> Indices: [423, 787]
Value: 18'b100011000100110001 (Dec: 143665) -> Indices: [59]
Value: 18'b101000110001001100 (Dec: 166988) -> Indices: [342, 706]
Value: 18'b110000000010100011 (Dec: 196771) -> Indices: [301]
Value: 18'b110000001100000011 (Dec: 197379) -> Indices: [29, 33, 37, 53, 85, 93, 105, 117, 121, 125, 133, 141, 181, 197, 213, 221, 225, 229, 233, 265, 269, 273, 277, 281, 289, 297, 305, 309, 321, 353, 361, 365, 377, 385, 405, 421, 425, 433, 437, 449, 461, 481, 497, 505, 513, 529, 533, 537, 541, 561, 565, 577, 581, 585, 589, 593, 597, 601, 605, 609, 613, 617, 621, 669, 685, 689, 701, 721, 725, 729, 741, 749, 765, 769, 781, 789]
Value: 18'b110000001100010000 (Dec: 197392) -> Indices: [705]
Value: 18'b110000001100010011 (Dec: 197395) -> Indices: [41, 49, 73, 81, 113, 137, 153, 161, 185, 201, 217, 325, 333, 373, 381, 453, 485, 493, 501, 509, 517, 525, 633, 681, 737, 745]
Value: 18'b110001000010100011 (Dec: 200867) -> Indices: [665]
Value: 18'b110001001100000000 (Dec: 201472) -> Indices: [341]
Value: 18'b110001001100000011 (Dec: 201475) -> Indices: [89, 97, 129, 145, 177, 193, 209, 285, 293, 349, 389, 397, 413, 477, 549, 753, 761, 777]
Value: 18'b110001001100010011 (Dec: 201491) -> Indices: [21, 25, 45, 57, 61, 65, 69, 77, 101, 109, 149, 157, 165, 169, 173, 189, 205, 237, 241, 245, 249, 253, 257, 313, 317, 329, 337, 345, 357, 369, 393, 401, 409, 417, 429, 441, 445, 457, 465, 469, 473, 489, 521, 545, 553, 557, 569, 573, 629, 637, 641, 645, 649, 653, 657, 661, 673, 677, 693, 697, 709, 713, 717, 733, 757, 773, 785, 793, 797]
Value: 18'b110010001011000010 (Dec: 205506) -> Indices: [5]
Value: 18'b110011001000000011 (Dec: 209411) -> Indices: [13, 17]
Value: 18'b110011011010000110 (Dec: 210566) -> Indices: [1]
Value: 18'b110101010111010010 (Dec: 218578) -> Indices: [9]
